EPSG:4326
100_0010_0001.JPG 34.62004166 37.93810960 1323.108
100_0010_0002.JPG 34.62019409 37.93796659 1323.107
100_0010_0003.JPG 34.62032244 37.93784458 1323.142
100_0010_0004.JPG 34.62045274 37.93772043 1323.197
100_0010_0005.JPG 34.62058283 37.93759646 1323.195
100_0010_0006.JPG 34.62071358 37.93747239 1323.171
100_0010_0007.JPG 34.62084230 37.93734998 1323.159
100_0010_0008.JPG 34.62097373 37.93722554 1323.106
100_0010_0009.JPG 34.62110283 37.93710287 1323.101
100_0010_0010.JPG 34.62123560 37.93697630 1323.104
100_0010_0011.JPG 34.62136429 37.93685442 1323.075
100_0010_0012.JPG 34.62149509 37.93672937 1323.094
100_0010_0013.JPG 34.62162463 37.93660602 1323.098
100_0010_0014.JPG 34.62175552 37.93648061 1323.123
100_0010_0015.JPG 34.62188179 37.93635997 1323.169
100_0010_0016.JPG 34.62190614 37.93634719 1323.111
100_0010_0017.JPG 34.62206948 37.93647732 1322.991
100_0010_0018.JPG 34.62220657 37.93658520 1323.046
100_0010_0019.JPG 34.62222060 37.93660511 1323.080
100_0010_0020.JPG 34.62207332 37.93674592 1323.051
100_0010_0021.JPG 34.62194637 37.93686743 1323.108
100_0010_0022.JPG 34.62181548 37.93699192 1323.121
100_0010_0023.JPG 34.62168655 37.93711503 1323.113
100_0010_0024.JPG 34.62155592 37.93723928 1323.122
100_0010_0025.JPG 34.62142647 37.93736278 1323.156
100_0010_0026.JPG 34.62129557 37.93748755 1323.152
100_0010_0027.JPG 34.62116539 37.93761126 1323.142
100_0010_0028.JPG 34.62103454 37.93773561 1323.130
100_0010_0029.JPG 34.62090341 37.93786017 1323.132
100_0010_0030.JPG 34.62077439 37.93798315 1323.124
100_0010_0031.JPG 34.62064163 37.93810920 1323.100
100_0010_0032.JPG 34.62051272 37.93823196 1323.153
100_0010_0033.JPG 34.62039525 37.93834550 1323.110
100_0010_0034.JPG 34.62041186 37.93835866 1323.115
100_0010_0035.JPG 34.62057235 37.93846883 1323.051
100_0010_0036.JPG 34.62072068 37.93856858 1323.135
100_0010_0037.JPG 34.62074539 37.93857743 1323.158
100_0010_0038.JPG 34.62089302 37.93843645 1323.106
100_0010_0039.JPG 34.62102158 37.93831477 1323.130
100_0010_0040.JPG 34.62115270 37.93819028 1323.095
100_0010_0041.JPG 34.62128229 37.93806763 1323.148
100_0010_0042.JPG 34.62141299 37.93794296 1323.140
100_0010_0043.JPG 34.62154246 37.93781960 1323.114
100_0010_0044.JPG 34.62167308 37.93769518 1323.128
100_0010_0045.JPG 34.62180395 37.93756994 1323.102
100_0010_0046.JPG 34.62193346 37.93744644 1323.109
100_0010_0047.JPG 34.62206239 37.93732439 1323.093
100_0010_0048.JPG 34.62219382 37.93719963 1323.120
100_0010_0049.JPG 34.62232301 37.93707676 1323.097
100_0010_0050.JPG 34.62245577 37.93695061 1323.097
100_0010_0051.JPG 34.62255514 37.93686302 1323.089
100_0010_0052.JPG 34.62271942 37.93699433 1323.012
100_0010_0053.JPG 34.62285818 37.93710217 1323.138
100_0010_0054.JPG 34.62287225 37.93712147 1323.184
100_0010_0055.JPG 34.62272410 37.93726225 1323.070
100_0010_0056.JPG 34.62259785 37.93738322 1323.115
100_0010_0057.JPG 34.62246736 37.93750718 1323.140
100_0010_0058.JPG 34.62233670 37.93763154 1323.137
100_0010_0059.JPG 34.62220789 37.93775450 1323.088
100_0010_0060.JPG 34.62207762 37.93787847 1323.125
100_0010_0061.JPG 34.62194735 37.93800253 1323.145
100_0010_0062.JPG 34.62181628 37.93812698 1323.099
100_0010_0063.JPG 34.62168760 37.93824973 1323.111
100_0010_0064.JPG 34.62155715 37.93837359 1323.121
100_0010_0065.JPG 34.62142665 37.93849784 1323.142
100_0010_0066.JPG 34.62129735 37.93862090 1323.134
100_0010_0067.JPG 34.62116516 37.93874680 1323.094
100_0010_0068.JPG 34.62109597 37.93882239 1323.069
100_0010_0069.JPG 34.62126906 37.93893960 1323.025
100_0010_0070.JPG 34.62141796 37.93904043 1323.139
100_0010_0071.JPG 34.62144271 37.93904916 1323.148
100_0010_0072.JPG 34.62159016 37.93890835 1323.093
100_0010_0073.JPG 34.62171868 37.93878651 1323.150
100_0010_0074.JPG 34.62184900 37.93866279 1323.131
100_0010_0075.JPG 34.62197787 37.93854037 1323.138
100_0010_0076.JPG 34.62211081 37.93841430 1323.137
100_0010_0077.JPG 34.62223903 37.93829203 1323.117
100_0010_0078.JPG 34.62236926 37.93816773 1323.083
100_0010_0079.JPG 34.62249870 37.93804540 1323.135
100_0010_0080.JPG 34.62262941 37.93792122 1323.078
100_0010_0081.JPG 34.62275854 37.93779820 1323.071
100_0010_0082.JPG 34.62288948 37.93767340 1323.053
100_0010_0083.JPG 34.62301867 37.93755033 1323.057
100_0010_0084.JPG 34.62314959 37.93742541 1323.082
100_0010_0085.JPG 34.62320571 37.93737906 1323.108
100_0010_0086.JPG 34.62337145 37.93751125 1323.037
100_0010_0087.JPG 34.62350854 37.93761806 1323.124
100_0010_0088.JPG 34.62352304 37.93763721 1323.169
100_0010_0089.JPG 34.62337474 37.93777857 1323.072
100_0010_0090.JPG 34.62324822 37.93789967 1323.134
100_0010_0091.JPG 34.62311900 37.93802291 1323.157
100_0010_0092.JPG 34.62298789 37.93814767 1323.168
100_0010_0093.JPG 34.62285861 37.93827071 1323.163
100_0010_0094.JPG 34.62272817 37.93839497 1323.108
100_0010_0095.JPG 34.62259935 37.93851785 1323.114
100_0010_0096.JPG 34.62246785 37.93864245 1323.106
100_0010_0097.JPG 34.62233888 37.93876540 1323.110
100_0010_0098.JPG 34.62220817 37.93888975 1323.105
100_0010_0099.JPG 34.62207945 37.93901235 1323.100
100_0010_0100.JPG 34.62194828 37.93913683 1323.132
100_0010_0101.JPG 34.62181861 37.93926049 1323.132
100_0010_0102.JPG 34.62178774 37.93928406 1323.073
100_0010_0103.JPG 34.62178275 37.93910019 1323.073
100_0010_0104.JPG 34.62177973 37.93893941 1323.154
100_0010_0105.JPG 34.62177662 37.93877873 1323.123
100_0010_0106.JPG 34.62177291 37.93861684 1323.150
100_0010_0107.JPG 34.62177015 37.93845724 1323.113
100_0010_0108.JPG 34.62176725 37.93829566 1323.126
100_0010_0109.JPG 34.62176422 37.93813441 1323.118
100_0010_0110.JPG 34.62176193 37.93797294 1323.136
100_0010_0111.JPG 34.62175811 37.93781402 1323.192
