EPSG:4326
107_0005_0001.JPG 34.58359376 37.92220798 1300.786
107_0005_0002.JPG 34.58360009 37.92221758 1300.728
107_0005_0003.JPG 34.58372057 37.92231838 1300.749
107_0005_0004.JPG 34.58382905 37.92240450 1300.666
107_0005_0005.JPG 34.58394005 37.92249551 1300.697
107_0005_0006.JPG 34.58404928 37.92258470 1300.692
107_0005_0007.JPG 34.58416019 37.92267483 1300.694
107_0005_0008.JPG 34.58427190 37.92276469 1300.690
107_0005_0009.JPG 34.58436405 37.92283847 1300.594
107_0005_0010.JPG 34.58422756 37.92293716 1300.687
107_0005_0011.JPG 34.58411506 37.92301909 1300.741
107_0005_0012.JPG 34.58410145 37.92302750 1300.696
107_0005_0013.JPG 34.58397291 37.92292432 1300.677
107_0005_0014.JPG 34.58386267 37.92283617 1300.664
107_0005_0015.JPG 34.58375294 37.92274691 1300.748
107_0005_0016.JPG 34.58364185 37.92265804 1300.748
107_0005_0017.JPG 34.58353165 37.92256866 1300.681
107_0005_0018.JPG 34.58341963 37.92247805 1300.774
107_0005_0019.JPG 34.58333803 37.92241477 1300.705
107_0005_0020.JPG 34.58320476 37.92251178 1300.682
107_0005_0021.JPG 34.58309564 37.92259528 1300.703
107_0005_0022.JPG 34.58308084 37.92260450 1300.684
107_0005_0023.JPG 34.58320626 37.92271002 1300.707
107_0005_0024.JPG 34.58331664 37.92279860 1300.619
107_0005_0025.JPG 34.58342571 37.92288712 1300.660
107_0005_0026.JPG 34.58353854 37.92297871 1300.660
107_0005_0027.JPG 34.58364861 37.92306882 1300.710
107_0005_0028.JPG 34.58375924 37.92315765 1300.755
107_0005_0029.JPG 34.58383225 37.92321836 1300.720
107_0005_0030.JPG 34.58390077 37.92308396 1301.189
107_0005_0031.JPG 34.58396028 37.92297144 1301.676
107_0005_0032.JPG 34.58397023 37.92295623 1301.798
107_0005_0033.JPG 34.58410346 37.92284955 1301.759
107_0005_0034.JPG 34.58421681 37.92276209 1301.789
107_0005_0035.JPG 34.58433105 37.92267363 1301.776
107_0005_0036.JPG 34.58444624 37.92258616 1301.778
107_0005_0037.JPG 34.58456143 37.92249749 1301.728
107_0005_0038.JPG 34.58466998 37.92241398 1301.709
107_0005_0039.JPG 34.58466731 37.92241621 1301.625
107_0005_0040.JPG 34.58454429 37.92230878 1301.576
107_0005_0041.JPG 34.58443484 37.92221807 1301.514
107_0005_0042.JPG 34.58442122 37.92220696 1301.559
107_0005_0043.JPG 34.58428777 37.92230792 1301.711
107_0005_0044.JPG 34.58417304 37.92239547 1301.730
107_0005_0045.JPG 34.58405779 37.92248448 1301.729
107_0005_0046.JPG 34.58394304 37.92257353 1301.733
107_0005_0047.JPG 34.58382834 37.92266118 1301.724
107_0005_0048.JPG 34.58371561 37.92274800 1301.734
107_0005_0049.JPG 34.58371014 37.92275212 1301.723
107_0005_0050.JPG 34.58357459 37.92265242 1301.641
107_0005_0051.JPG 34.58346136 37.92256647 1301.547
107_0005_0052.JPG 34.58344805 37.92255698 1301.678
107_0005_0053.JPG 34.58358110 37.92245312 1301.774
107_0005_0054.JPG 34.58369415 37.92236702 1301.801
107_0005_0055.JPG 34.58380946 37.92227903 1301.758
107_0005_0056.JPG 34.58392242 37.92218990 1301.787
107_0005_0057.JPG 34.58403861 37.92210175 1301.770
107_0005_0058.JPG 34.58415301 37.92201383 1301.754
107_0005_0059.JPG 34.58416554 37.92200318 1301.608
107_0005_0060.JPG 34.58412692 37.92214220 1301.633
107_0005_0061.JPG 34.58408985 37.92226290 1301.666
107_0005_0062.JPG 34.58405110 37.92238651 1301.660
107_0005_0063.JPG 34.58401458 37.92250935 1301.662
107_0005_0064.JPG 34.58398765 37.92259761 1301.584
107_0005_0065.JPG 34.58385428 37.92249524 1301.634
107_0005_0066.JPG 34.58374494 37.92240559 1301.771
107_0005_0067.JPG 34.58363269 37.92231480 1301.661
107_0005_0068.JPG 34.58352154 37.92222394 1301.762
107_0005_0069.JPG 34.58340984 37.92213275 1301.718
107_0005_0070.JPG 34.58329732 37.92204121 1301.707
107_0005_0071.JPG 34.58321183 37.92197355 1301.658
107_0005_0072.JPG 34.58307493 37.92207207 1301.686
107_0005_0073.JPG 34.58296255 37.92215683 1301.730
107_0005_0074.JPG 34.58294913 37.92216699 1301.673
107_0005_0075.JPG 34.58307700 37.92227379 1301.744
107_0005_0076.JPG 34.58318732 37.92236287 1301.701
107_0005_0077.JPG 34.58329935 37.92245352 1301.691
107_0005_0078.JPG 34.58341244 37.92254412 1301.669
107_0005_0079.JPG 34.58352378 37.92263528 1301.637
107_0005_0080.JPG 34.58363491 37.92272616 1301.673
107_0005_0081.JPG 34.58371456 37.92278982 1301.754
107_0005_0082.JPG 34.58357885 37.92288960 1301.651
107_0005_0083.JPG 34.58346312 37.92297236 1301.677
107_0005_0084.JPG 34.58344910 37.92298096 1301.733
107_0005_0085.JPG 34.58331740 37.92287659 1301.721
107_0005_0086.JPG 34.58320640 37.92278694 1301.763
107_0005_0087.JPG 34.58309448 37.92269630 1301.760
107_0005_0088.JPG 34.58298254 37.92260588 1301.719
107_0005_0089.JPG 34.58287059 37.92251563 1301.743
107_0005_0090.JPG 34.58275880 37.92242484 1301.685
107_0005_0091.JPG 34.58268976 37.92237147 1301.671
107_0005_0092.JPG 34.58287038 37.92240194 1301.766
107_0005_0093.JPG 34.58302410 37.92243324 1301.759
107_0005_0094.JPG 34.58317985 37.92246380 1301.757
107_0005_0095.JPG 34.58333397 37.92249293 1301.762
107_0005_0096.JPG 34.58344885 37.92251748 1301.686
107_0005_0097.JPG 34.58331803 37.92261858 1301.635
107_0005_0098.JPG 34.58320472 37.92270560 1301.651
107_0005_0099.JPG 34.58309045 37.92279420 1301.679
107_0005_0100.JPG 34.58297408 37.92288224 1301.775
107_0005_0101.JPG 34.58285922 37.92297078 1301.713
107_0005_0102.JPG 34.58274596 37.92305849 1301.661
107_0005_0103.JPG 34.58272895 37.92307157 1301.627
107_0005_0104.JPG 34.58285835 37.92317391 1301.704
107_0005_0105.JPG 34.58297299 37.92325906 1301.721
107_0005_0106.JPG 34.58298578 37.92326791 1301.649
107_0005_0107.JPG 34.58312223 37.92316764 1301.670
107_0005_0108.JPG 34.58323696 37.92307978 1301.715
107_0005_0109.JPG 34.58335230 37.92299103 1301.656
107_0005_0110.JPG 34.58346649 37.92290299 1301.661
107_0005_0111.JPG 34.58358149 37.92281502 1301.657
107_0005_0112.JPG 34.58369354 37.92272890 1301.725
107_0005_0113.JPG 34.58369794 37.92272665 1301.683
107_0005_0114.JPG 34.58382934 37.92282977 1301.702
107_0005_0115.JPG 34.58393836 37.92291865 1301.733
107_0005_0116.JPG 34.58394949 37.92292801 1301.775
107_0005_0117.JPG 34.58381913 37.92303198 1301.707
107_0005_0118.JPG 34.58370667 37.92311844 1301.686
107_0005_0119.JPG 34.58358993 37.92320692 1301.722
107_0005_0120.JPG 34.58347486 37.92329525 1301.656
107_0005_0121.JPG 34.58336032 37.92338438 1301.646
107_0005_0122.JPG 34.58325029 37.92346948 1301.678
107_0005_0123.JPG 34.58325172 37.92346747 1301.697
107_0005_0124.JPG 34.58328906 37.92332453 1301.738
107_0005_0125.JPG 34.58332291 37.92320145 1301.774
107_0005_0126.JPG 34.58335730 37.92307641 1301.706
107_0005_0127.JPG 34.58339152 37.92295321 1301.646
107_0005_0128.JPG 34.58341212 37.92288751 1301.656
107_0005_0129.JPG 34.58353910 37.92298740 1301.713
107_0005_0130.JPG 34.58364872 37.92307594 1301.745
107_0005_0131.JPG 34.58376131 37.92316766 1301.730
107_0005_0132.JPG 34.58387371 37.92325882 1301.737
107_0005_0133.JPG 34.58398638 37.92334941 1301.734
107_0005_0134.JPG 34.58409881 37.92344099 1301.703
107_0005_0135.JPG 34.58416960 37.92349719 1301.737
107_0005_0136.JPG 34.58430928 37.92340180 1301.623
107_0005_0137.JPG 34.58442895 37.92331767 1301.699
107_0005_0138.JPG 34.58443944 37.92330856 1301.695
107_0005_0139.JPG 34.58431129 37.92320148 1301.698
107_0005_0140.JPG 34.58419961 37.92311230 1301.627
107_0005_0141.JPG 34.58408649 37.92302079 1301.609
107_0005_0142.JPG 34.58397531 37.92292944 1301.647
107_0005_0143.JPG 34.58386352 37.92283977 1301.724
107_0005_0144.JPG 34.58375313 37.92275184 1301.636
107_0005_0145.JPG 34.58367571 37.92268625 1301.733
107_0005_0146.JPG 34.58380326 37.92258199 1301.655
107_0005_0147.JPG 34.58391586 37.92249503 1301.711
107_0005_0148.JPG 34.58393153 37.92248504 1301.619
107_0005_0149.JPG 34.58406026 37.92258865 1301.609
107_0005_0150.JPG 34.58417106 37.92267789 1301.656
107_0005_0151.JPG 34.58428184 37.92276925 1301.701
107_0005_0152.JPG 34.58439329 37.92286005 1301.680
107_0005_0153.JPG 34.58450648 37.92295271 1301.713
107_0005_0154.JPG 34.58461702 37.92304457 1301.698
